24 80 600 0 8 0 12 31
W 132
1 6
13 69
10 26
12 51
17 53
11 2
6 53
10 74
18 4
7 19
19 58
8 32
1 65
7 13
9 14
4 75
5 47
18 29
17 7
7 37
15 5
14 64
16 77
2 43
10 52
5 2
4 43
8 1
3 18
15 60
17 2
19 19
15 29
8 33
12 76
3 67
14 57
14 1
15 74
18 43
8 53
5 77
2 11
15 69
17 36
11 29
3 35
11 51
5 9
5 12
5 60
1 63
3 47
19 44
12 53
18 19
4 74
19 75
5 62
8 37
6 78
17 19
7 33
7 8
2 44
2 26
2 58
15 15
5 21
3 26
5 78
4 36
8 45
15 6
5 31
2 3
2 56
17 54
16 36
15 27
1 13
6 39
17 10
6 72
5 39
17 15
7 27
18 57
11 16
3 24
14 3
18 52
14 16
4 59
6 55
2 33
17 31
14 19
10 45
6 67
10 4
19 41
12 11
10 48
6 54
11 23
19 3
9 3
1 68
3 58
4 63
12 55
8 25
16 62
10 53
6 77
16 67
11 36
12 37
5 73
12 52
13 49
7 21
10 14
6 45
8 28
3 3
11 35
19 61
9 65
8 8
5 69
F 8
3 10 56 1 33 27
4 9 58 0 -14 24
5 10 70 1 125 11
6 10 71 1 125 10
7 10 72 0 100 9
8 10 73 0 100 8
9 9 74 1 125 6
10 9 75 0 100 5
Q 35
0 1 0 1 0 0 1 0 1 1 0 0 0 0 0 0 0 0 0 1 0 0 0 0 1 0 1 1 0 0 1 1 0 1 0 
T 3
0 9 62 0
1 11 62 0
2 10 59 1
