24 80 600 0 23 0 12 71
W 203
4 57
19 33
10 26
9 9
10 42
19 50
4 3
7 60
15 52
16 11
14 7
9 22
5 62
13 67
19 9
12 29
9 33
7 51
16 69
18 21
14 24
2 75
15 13
19 11
8 36
9 62
11 36
10 65
6 44
12 16
5 46
18 33
14 44
3 62
3 14
9 74
14 43
14 47
3 76
14 28
18 43
2 34
1 12
18 76
1 66
6 14
14 75
7 74
7 27
12 17
8 21
2 46
13 25
8 40
3 31
4 17
11 1
5 69
19 7
10 57
12 26
14 26
8 59
5 8
3 52
11 63
11 30
3 28
17 20
9 36
11 58
19 46
12 41
14 59
1 4
14 1
17 73
13 74
16 44
10 27
8 63
1 19
7 72
11 37
13 75
1 58
16 29
4 75
16 58
5 63
3 8
15 56
13 43
16 53
16 24
16 8
18 9
12 77
8 10
8 44
6 65
2 74
7 69
15 75
13 28
2 22
9 19
12 66
8 20
13 31
4 5
1 61
9 78
14 40
17 4
11 68
19 42
2 44
2 40
8 19
10 28
8 13
2 41
1 53
11 20
5 19
6 13
9 70
16 46
17 44
3 10
11 16
9 16
13 5
12 59
16 59
8 46
6 41
16 19
13 41
2 19
10 20
17 25
6 7
14 64
10 22
14 36
16 30
8 12
18 72
2 58
14 58
11 49
18 19
4 52
1 59
5 73
8 50
16 20
19 59
10 73
4 21
19 41
18 64
13 2
2 64
4 42
16 72
18 38
15 36
17 23
11 10
3 47
12 28
11 9
4 23
16 3
17 13
1 6
15 32
10 55
6 54
2 36
15 59
5 28
3 20
5 47
17 55
11 55
9 24
17 49
9 45
10 63
13 57
4 38
13 52
14 23
16 2
14 21
3 66
5 21
18 40
6 23
F 23
2 9 29 0 -14 69
3 10 29 1 95 68
4 10 30 0 46 67
7 10 45 0 16 50
8 10 46 0 61 49
9 10 47 0 61 48
10 10 48 1 109 47
11 10 49 0 76 46
12 10 50 0 100 45
13 9 50 0 100 44
14 10 60 0 100 31
15 10 61 0 100 30
16 9 61 0 100 29
17 8 61 1 125 28
18 8 62 1 125 27
19 7 62 1 125 26
20 10 72 1 125 11
21 9 72 0 100 10
22 9 73 0 100 9
23 8 73 0 100 8
24 8 74 0 100 7
25 8 75 0 100 6
26 9 75 1 125 5
Q 20
1 0 1 0 0 0 0 1 1 1 1 1 1 1 1 1 1 0 0 1 
T 4
0 9 48 0
1 10 51 1
2 11 45 0
3 8 29 0
