24 80 300 0 16 0 12 49
W 173
15 44
3 45
6 75
6 69
4 33
19 22
1 77
5 53
8 46
1 46
15 54
9 19
11 42
11 48
12 30
5 54
2 17
3 33
14 13
17 45
10 70
18 17
12 3
17 50
14 50
15 11
6 33
3 69
4 45
10 28
8 45
5 35
14 69
11 7
11 43
9 36
15 65
3 76
11 10
18 52
4 59
14 12
17 74
7 3
14 38
13 23
8 70
15 13
2 59
3 47
3 32
19 74
12 58
9 40
13 39
14 62
9 1
7 43
11 32
6 74
3 61
5 5
9 51
17 29
1 61
16 13
5 27
6 8
8 37
9 44
18 54
4 31
9 18
2 12
8 29
18 56
7 69
16 29
18 41
10 58
5 66
16 27
7 67
11 52
5 1
9 50
1 30
7 70
15 53
8 1
15 40
8 62
2 47
6 44
7 12
15 57
4 14
15 26
16 17
17 35
13 42
4 43
10 74
9 12
11 61
18 43
1 2
3 5
1 45
16 36
16 52
15 8
7 5
15 16
12 18
14 17
15 70
16 8
10 77
2 8
11 23
1 17
18 67
7 11
2 48
16 73
18 50
19 51
5 57
5 17
19 72
1 1
17 24
19 68
14 78
13 54
19 40
13 12
13 62
4 39
19 21
8 25
8 42
13 21
4 12
4 62
3 34
19 11
11 37
17 59
7 71
11 27
8 30
2 50
10 29
14 20
2 38
18 72
14 24
17 9
10 10
17 44
10 65
9 6
2 23
12 9
13 72
1 73
18 9
11 31
16 24
6 68
6 37
F 16
3 10 45 1 63 46
4 10 46 1 95 45
5 10 47 1 95 44
7 10 59 0 70 28
8 10 60 1 118 27
9 10 61 1 118 26
10 10 62 1 118 25
11 10 63 1 118 24
12 9 73 1 125 9
13 9 74 1 125 8
14 9 75 0 100 7
15 10 75 1 125 6
16 10 76 0 100 5
17 9 76 1 125 4
18 9 77 1 125 3
19 9 78 1 125 2
Q 27
1 1 1 0 1 0 1 0 0 1 0 0 1 1 1 0 1 0 1 0 0 1 1 1 0 0 1 
T 4
0 9 67 0
1 9 60 0
2 10 55 1
3 11 39 0
